2431 1.5399999618530273
2211 1.6799999475479126
2081 1.7300000190734863
2411 1.6399999856948853
2341 1.7100000381469727
2631 1.5499999523162842
2101 1.4500000476837158
2291 2.0199999809265137
2591 1.3799999952316284
2461 1.4800000190734863
2491 1.2000000476837158
2311 1.649999976158142
2851 1.5299999713897705
2471 1.649999976158142
3691 1.4900000095367432
2151 1.7899999618530273
3241 1.6799999475479126
2281 1.7400000095367432
2351 1.590000033378601
3781 1.8799999952316284
2501 1.9199999570846558
2361 1.7999999523162842
2511 1.6799999475479126
2901 1.5700000524520874
2561 1.8300000429153442
2601 1.8899999856948853
2191 1.6399999856948853
2011 2.1700000762939453
2051 2.0
2261 2.009999990463257
2481 1.840000033378601
2581 1.9600000381469727
2691 2.0
2611 1.909999966621399
2641 1.7899999618530273
2441 1.7300000190734863
3951 1.659999966621399
2521 1.840000033378601
2171 1.7799999713897705
2811 1.850000023841858
2861 1.850000023841858
2651 1.909999966621399
2091 1.9500000476837158
2321 1.940000057220459
3341 1.7799999713897705
2921 2.0399999618530273
2421 1.8899999856948853
2201 1.3899999856948853
2381 2.0
2231 1.940000057220459
3121 1.9500000476837158
3011 1.9500000476837158
3041 1.940000057220459
3431 2.1700000762939453
2731 1.9199999570846558
2711 1.559999942779541
3901 1.7200000286102295
2801 2.1500000953674316
2621 1.8200000524520874
3031 1.9199999570846558
2181 2.109999895095825
2391 2.0199999809265137
2991 1.8200000524520874
2141 2.0
2951 1.7599999904632568
2741 2.109999895095825
2911 1.7100000381469727
3571 1.9700000286102295
2031 1.940000057220459
2701 1.940000057220459
2681 1.9500000476837158
3961 2.109999895095825
2451 1.9299999475479126
2121 2.259999990463257
3751 1.840000033378601
3071 2.119999885559082
2301 2.049999952316284
3811 2.0399999618530273
2241 1.659999966621399
3111 1.4800000190734863
2541 1.909999966621399
3651 2.069999933242798
2661 2.0199999809265137
2551 1.8799999952316284
2331 1.75
2131 2.3399999141693115
2071 2.0799999237060547
2831 2.1600000858306885
3771 1.9700000286102295
2841 1.9199999570846558
3941 1.690000057220459
2941 1.899999976158142
2761 2.1600000858306885
2571 2.1600000858306885
3141 2.119999885559082
2881 2.2200000286102295
2721 2.009999990463257
2401 2.0299999713897705
2061 1.9800000190734863
3791 1.809999942779541
3851 1.9299999475479126
2891 2.049999952316284
3701 2.069999933242798
2751 1.9700000286102295
3231 2.009999990463257
3891 2.1600000858306885
2791 2.009999990463257
3321 1.940000057220459
3391 2.140000104904175
2041 2.369999885559082
3661 2.0
2981 1.899999976158142
3101 2.140000104904175
2251 2.059999942779541
3911 1.8799999952316284
2961 1.8899999856948853
3091 1.7599999904632568
3401 1.899999976158142
3601 2.130000114440918
3441 2.2799999713897705
3351 2.009999990463257
3801 1.840000033378601
2111 2.180000066757202
3081 2.240000009536743
3641 1.9600000381469727
3251 1.7799999713897705
3721 1.9700000286102295
3871 1.899999976158142
3971 2.0
3931 1.809999942779541
3371 1.8799999952316284
3471 2.0199999809265137
3501 2.140000104904175
3761 2.109999895095825
3621 2.200000047683716
2531 2.240000009536743
3171 1.9299999475479126
3211 1.7999999523162842
3711 2.3399999141693115
2871 2.2300000190734863
2781 2.0199999809265137
3021 1.9800000190734863
3841 2.130000114440918
2271 2.109999895095825
3421 2.049999952316284
3181 2.0399999618530273
2371 2.25
2021 2.200000047683716
3611 2.2200000286102295
3831 2.009999990463257
3301 1.9700000286102295
2971 2.119999885559082
3061 1.9700000286102295
3361 1.850000023841858
2001 2.109999895095825
3221 2.3299999237060547
3671 2.559999942779541
3591 2.200000047683716
3681 2.130000114440918
3981 2.140000104904175
3001 2.009999990463257
3741 2.3399999141693115
2821 2.190000057220459
3291 2.0
3821 2.1600000858306885
3491 2.009999990463257
3861 1.7400000095367432
3531 2.2300000190734863
2671 2.3499999046325684
3991 2.119999885559082
3161 2.069999933242798
2931 2.190000057220459
3881 2.1600000858306885
3191 2.0799999237060547
3581 2.140000104904175
3131 2.190000057220459
3521 2.180000066757202
3481 2.509999990463257
3271 1.6100000143051147
3451 2.2300000190734863
3281 2.0199999809265137
3331 2.130000114440918
3311 2.2200000286102295
3631 2.799999952316284
3411 2.559999942779541
3461 2.0399999618530273
3731 2.4100000858306885
3921 2.0899999141693115
3561 2.2300000190734863
3551 2.190000057220459
3151 2.2100000381469727
3051 2.1600000858306885
2771 2.2699999809265137
2221 2.1600000858306885
3381 2.3299999237060547
3541 2.190000057220459
3511 2.0899999141693115
2161 2.140000104904175
3201 1.9500000476837158
3261 2.259999990463257