1616 0.0
2496 0.0110042954211
6793 0.0954332712531
6813 0.162612614076
1087 0.226004125119
1618 0.27131472375
6829 0.285370522641
7202 0.342094829802
1082 0.352633525348
1379 0.410431529821
1394 0.42436581293
1517 0.481107129551
1393 0.48522091697
2591 0.489756829727
1621 0.538035967972
1333 0.580059701162
13 0.592784242994
1409 0.620119712266
1948 0.671120995086
1314 0.720796378061
1387 0.735994825366
1949 0.741318982418
1389 0.767690879565
1051 0.768973568027
595 0.772073952914
1014 0.778388419725
1064 0.785175661295
1057 0.786398763186
1671 0.79124665011
2083 0.797104740371
1001 0.797601353626
1326 0.799338534647
1309 0.801385514825
1066 0.835617140529
100 0.847737566633
1121 0.882594408062
1103 0.88620291702
1043 0.894676479658
101 0.942065032235
1007 0.947765503442
1187 0.955962020779
310 0.95821090439
1048 0.960152001863
126 0.960373591857
1005 0.985003092826
4870 0.988656980566
1041 0.991972492574
130 1.0