100 1.7799999713897705
1001 2.0799999237060547
1005 2.2799999713897705
1007 2.2300000190734863
101 2.619999885559082
1014 2.819999933242798
1041 2.569999933242798
1043 1.5800000429153442
1048 2.380000114440918
1051 2.4800000190734863
1057 2.180000066757202
1064 1.8300000429153442
1066 2.130000114440918
1082 2.3299999237060547
1087 2.5299999713897705
1103 2.0299999713897705
1121 2.430000066757202
1187 2.7200000286102295
126 2.6700000762939453
13 1.8799999952316284
130 2.7699999809265137
1309 1.9800000190734863
1314 1.9299999475479126
1326 1.6299999952316284
1333 1.4800000190734863
1379 1.090000033378601
1387 1.7300000190734863
1389 1.4299999475479126
1393 1.3300000429153442
1394 1.1399999856948853
1409 1.2899999618530273
1517 0.9399999976158142
1616 0.6899999976158142
1618 0.8399999737739563
1621 1.2400000095367432
1671 1.190000057220459
1948 2.9200000762939453
1949 2.880000114440918
2083 1.6799999475479126
2496 0.7900000214576721
2591 1.3799999952316284
310 3.0399999618530273
4870 2.9800000190734863
595 3.1700000762939453
6793 0.8799999952316284
6813 1.0399999618530273
6829 0.9900000095367432
7202 0.7200000286102295