2431 0.0
2211 0.370925820609
2081 0.390863244341
2411 0.395763945212
2341 0.402324431579
2631 0.405756928962
2101 0.406045161017
2291 0.428698598959
2591 0.439851071231
2461 0.441030036581
2491 0.467856545511
2311 0.497468474659
2851 0.507655985835
2471 0.516224235637
3691 0.518254105008
2151 0.520561719881
3241 0.528656786307
2281 0.52883376421
2351 0.533189602155
3781 0.557362379967
2501 0.571474941655
2361 0.58538286596
2511 0.596153991242
2901 0.597712822284
2561 0.602205784886
2601 0.603250807302
2191 0.608684683735
2011 0.609735318663
2051 0.620300614559
2261 0.623750731204
2481 0.624117964873
2581 0.633890008845
2691 0.635740982623
2611 0.645679024163
2641 0.646213026639
2441 0.648665938468
3951 0.649828670468
2521 0.64983400636
2171 0.652319800092
2811 0.654006383851
2861 0.662635429838
2651 0.667910234656
2091 0.669069455476
2321 0.669310662754
3341 0.676200782427
2921 0.677044596929
2421 0.677876677529
2201 0.682213145593
2381 0.683053587829
2231 0.68471441665
3121 0.692960177712
3011 0.696747024386
3041 0.698374258069
3431 0.699212726625
2731 0.70160438951
2711 0.702462429082
3901 0.70278253842
2801 0.703333247682
2621 0.70540137713
3031 0.707597121491
2181 0.710375462109
2391 0.713377474722
2991 0.714202609265
2141 0.714294066158
2951 0.715621779957
2741 0.719094532848
2911 0.719260920953
3571 0.722697819789
2031 0.725633409939
2701 0.725960207651
2681 0.72736285017
3961 0.73185712998
2451 0.73402077951
2121 0.73537322063
3751 0.736869490947
3071 0.739178940579
2301 0.744218675055
3811 0.745003818437
2241 0.748839945196
3111 0.749963400316
2541 0.751002475891
3651 0.752467146137
2661 0.753196401767
2551 0.754626726539
2331 0.75515661018
2131 0.756221987167
2071 0.757406313588
2831 0.757776084276
3771 0.761962440017
2841 0.76629862949
3941 0.77022565577
2941 0.770299437456
2761 0.771194080732
2571 0.772867361264
3141 0.773209860257
2881 0.775048952994
2721 0.775531759212
2401 0.77639994579
2061 0.77725156539
3791 0.780801114308
3851 0.78358942876
2891 0.783699330989
3701 0.785581793699
2751 0.78669513913
3231 0.790742660945
3891 0.792094359927
2791 0.797620834015
3321 0.797750163602
3391 0.798213871896
2041 0.798434301893
3661 0.799422427259
2981 0.800689592804
3101 0.802474213534
2251 0.804788967942
3911 0.805084484744
2961 0.805394829435
3091 0.807231877165
3401 0.81179599676
3601 0.812719853265
3441 0.814619974257
3351 0.81495022873
3801 0.819758772156
2111 0.820027073447
3081 0.820195623993
3641 0.820728667258
3251 0.822584080183
3721 0.823806886889
3871 0.824888914142
3971 0.825893729654
3931 0.826531742877
3371 0.82759271296
3471 0.829477456913
3501 0.830344504721
3761 0.831083926377
3621 0.833724789372
2531 0.835306353525
3171 0.837287169815
3211 0.837581536908
3711 0.838796982323
2871 0.838955563214
2781 0.84081481484
3021 0.841678822944
3841 0.841971986437
2271 0.842286399756
3421 0.847011576363
3181 0.849352767628
2371 0.851332632717
2021 0.852109797145
3611 0.853652595605
3831 0.855709827729
3301 0.856814922446
2971 0.857319001866
3061 0.858710689454
3361 0.859331925621
2001 0.861685155072
3221 0.862273745196
3671 0.866219096191
3591 0.866567841481
3681 0.866687939655
3981 0.870892623292
3001 0.872011275315
3741 0.874385942113
2821 0.877835243051
3291 0.879646938499
3821 0.881590016163
3491 0.883838728257
3861 0.884191097491
3531 0.891257021786
2671 0.89313780309
3991 0.894179816834
3161 0.898169639077
2931 0.899301427646
3881 0.906064408734
3191 0.909299545428
3581 0.910213081265
3131 0.910689989585
3521 0.911349157643
3481 0.912278675055
3271 0.913434700462
3451 0.921371148429
3281 0.923294421259
3331 0.924771534078
3311 0.935752808561
3631 0.936277721204
3411 0.93659122726
3461 0.937611950422
3731 0.938535399998
3921 0.944158884221
3561 0.946344770607
3551 0.94680512232
3151 0.954178458317
3051 0.956844926019
2771 0.960586497097
2221 0.964523382523
3381 0.969022580749
3541 0.970715496862
3511 0.971589772797
2161 0.979070969684
3201 0.980523707064
3261 1.0