560 0.5
1262 0.5
884 0.3333333333333333
1977 0.3333333333333333
514 0.16666666666666666
420 0.16666666666666666
1080 0.5
1985 0.5
1086 0.16666666666666666
919 0.6666666666666666
1681 0.6666666666666666
438 0.8333333333333334
1871 0.6666666666666666
763 0.5
1396 0.0
1930 0.6666666666666666
1594 0.6666666666666666
1237 0.8333333333333334
634 0.16666666666666666
426 0.3333333333333333
95 0.3333333333333333
1229 0.8333333333333334
920 0.6666666666666666
1074 0.5
150 0.3333333333333333
213 0.6666666666666666
928 0.8333333333333334
841 0.8333333333333334
1009 0.8333333333333334
131 0.8333333333333334
388 0.5
1625 0.16666666666666666
1802 0.16666666666666666
1773 0.3333333333333333
204 0.5
205 0.5
206 0.3333333333333333
207 0.3333333333333333
208 0.5
209 0.3333333333333333
210 0.3333333333333333
211 0.5
212 0.5
213 0.5
214 0.6666666666666666
215 0.5
216 0.6666666666666666
217 0.5
218 0.5
219 0.5
220 0.5
221 0.5
222 0.6666666666666666
223 0.5
224 0.6666666666666666
225 0.6666666666666666
226 0.5
227 0.6666666666666666
228 0.6666666666666666
229 0.5
230 0.5
231 0.5
232 0.5
233 0.5
234 0.5
235 0.3333333333333333
236 0.5
237 0.5
238 0.5
239 0.5
240 0.5
241 0.8333333333333334
242 0.8333333333333334
243 0.6666666666666666
244 0.6666666666666666
245 0.8333333333333334
246 0.8333333333333334
247 0.6666666666666666
248 0.6666666666666666
249 0.5
250 0.6666666666666666
251 0.6666666666666666
252 0.8333333333333334
253 0.6666666666666666
256 0.5
257 0.6666666666666666
258 0.6666666666666666
259 0.6666666666666666
260 0.8333333333333334
261 0.5
262 0.8333333333333334
263 0.5
264 0.3333333333333333
265 0.3333333333333333
266 0.5
269 0.8333333333333334
270 0.5
272 0.6666666666666666
273 1.0
274 1.0
275 1.0
276 1.0
277 0.8333333333333334
278 0.6666666666666666
279 1.0
280 1.0
281 0.8333333333333334
282 1.0
283 0.8333333333333334
284 0.6666666666666666
285 1.0
286 0.8333333333333334
287 0.8333333333333334
288 1.0
289 1.0
290 0.9166666666666666
291 1.0
292 1.0
293 1.0
294 0.8333333333333334
295 1.0
296 0.5
297 1.0
298 1.0
299 1.0
300 1.0
301 0.6666666666666666
302 0.8333333333333334
303 1.0
304 0.5
305 0.6666666666666666
306 0.8333333333333334
307 0.5
308 0.3333333333333333
309 1.0
310 0.6666666666666666
311 0.3333333333333333
312 0.3333333333333333
313 0.5
314 0.3333333333333333
315 0.5
316 0.6666666666666666
317 0.5
318 0.6666666666666666
319 0.6666666666666666
320 0.6666666666666666
321 0.6666666666666666
322 0.6666666666666666
323 0.8333333333333334
324 0.8333333333333334
325 0.8333333333333334
326 0.8333333333333334
327 0.5
328 1.0
329 0.8333333333333334
330 1.0
331 0.5
332 1.0
333 0.6666666666666666
334 0.6666666666666666
335 1.0
336 0.6666666666666666
337 1.0
338 0.6666666666666666
339 0.8333333333333334
340 1.0
341 1.0
342 0.6666666666666666
343 0.8333333333333334
344 0.6666666666666666
345 0.8333333333333334
346 0.8333333333333334
347 0.8333333333333334
348 1.0
350 0.6666666666666666
351 0.8333333333333334
352 0.6666666666666666
353 0.6666666666666666
354 0.5
355 0.8333333333333334
356 0.6666666666666666
357 0.8333333333333334
358 1.0
359 0.8333333333333334
360 0.8333333333333334
361 1.0
362 1.0
363 0.5
364 1.0
365 0.8333333333333334
366 1.0
367 0.6666666666666666
368 1.0
369 0.5
370 1.0
371 0.6666666666666666
372 1.0
373 0.6666666666666666
374 0.6666666666666666
375 1.0
376 0.8333333333333334
377 0.6666666666666666
378 0.8333333333333334
379 1.0
380 0.8333333333333334
381 0.8333333333333334
382 0.5
383 0.8333333333333334
384 0.6666666666666666
385 0.6666666666666666
386 0.5
387 0.8333333333333334
388 0.8333333333333334
389 1.0
390 0.5
391 0.5
392 0.3333333333333333
393 0.5
394 0.6666666666666666
395 0.6666666666666666
396 0.5
397 0.6666666666666666
398 0.8333333333333334
399 0.3333333333333333
400 0.6666666666666666
401 0.6666666666666666
402 0.6666666666666666
403 0.8333333333333334
404 0.8333333333333334
405 0.8333333333333334
406 0.5
407 0.8333333333333334
408 0.8333333333333334
409 0.5
410 1.0
411 0.5
412 0.6666666666666666
413 0.3333333333333333
414 0.6666666666666666
415 0.16666666666666666
416 0.16666666666666666
417 1.0
418 0.16666666666666666
419 0.5
420 0.6666666666666666
422 0.6666666666666666
423 0.6666666666666666
424 0.5
425 0.5
426 0.6666666666666666
427 0.6666666666666666
428 0.5
429 0.5
430 0.5
431 0.5
432 0.6666666666666666
433 0.6666666666666666
434 0.6666666666666666
435 0.5
436 0.6666666666666666
437 0.6666666666666666
438 0.6666666666666666
439 0.6666666666666666
440 0.5
441 0.16666666666666666
442 0.16666666666666666
443 0.0
444 0.16666666666666666
445 0.3333333333333333
446 0.16666666666666666
447 0.16666666666666666
448 0.16666666666666666
449 0.16666666666666666
450 0.16666666666666666
451 0.5
452 0.5
453 0.5
454 0.5
455 0.5
456 0.5
457 0.6666666666666666
458 0.3333333333333333
459 0.5
460 0.6666666666666666
461 0.6666666666666666
462 0.6666666666666666
463 0.8333333333333334
464 0.6666666666666666
465 0.6666666666666666
466 0.6666666666666666
467 0.6666666666666666
468 0.5
469 0.6666666666666666
470 0.5
471 0.5
472 0.5
473 0.5
474 0.5
475 0.6666666666666666
476 0.6666666666666666
477 0.5
478 0.6666666666666666
479 0.6666666666666666
480 0.6666666666666666
481 0.6666666666666666
482 0.6666666666666666
483 0.8333333333333334
484 0.8333333333333334
485 0.6666666666666666
486 0.6666666666666666
487 1.0
488 0.8333333333333334
489 0.6666666666666666
490 1.0
491 0.5
492 0.3333333333333333
493 0.6666666666666666
494 0.5
495 0.5
496 0.5
497 0.5
498 0.3333333333333333
499 0.16666666666666666
500 0.3333333333333333
501 1.0
502 0.3333333333333333
503 0.5
504 0.5
505 0.5
506 0.3333333333333333
507 0.6666666666666666
508 0.16666666666666666
509 0.3333333333333333
510 0.8333333333333334
511 0.5
512 0.6666666666666666
513 0.5
514 0.6666666666666666
515 0.5
516 0.5
517 0.5
518 0.5
519 0.5
520 0.6666666666666666
521 0.8333333333333334
522 1.0
523 1.0
524 1.0
525 0.5
526 0.8333333333333334
527 0.6666666666666666
528 0.8333333333333334
529 0.6666666666666666
530 0.6666666666666666
531 0.6666666666666666
532 0.6666666666666666
533 0.5
534 0.8333333333333334
535 1.0
536 0.6666666666666666
537 0.6666666666666666
538 0.8333333333333334
539 0.6666666666666666
540 1.0
541 0.8333333333333334
542 1.0
543 1.0
544 0.8333333333333334
545 0.8333333333333334
546 0.8333333333333334
547 0.8333333333333334
548 0.8333333333333334
549 0.8333333333333334
550 0.8333333333333334
551 0.8333333333333334
552 0.8333333333333334
553 0.8333333333333334
554 0.8333333333333334
555 0.8333333333333334
556 0.8333333333333334
557 0.8333333333333334
558 1.0
559 1.0
560 0.8333333333333334
561 0.5
562 0.6666666666666666
563 0.8333333333333334
564 0.8333333333333334
565 0.8333333333333334
566 0.8333333333333334
567 0.8333333333333334
568 0.6666666666666666
569 0.6666666666666666
570 0.8333333333333334
572 0.5
573 0.6666666666666666
575 0.5
576 0.3333333333333333
577 0.3333333333333333
578 0.3333333333333333
579 0.5
580 0.5
581 0.3333333333333333
582 0.16666666666666666
583 0.3333333333333333
584 0.16666666666666666
585 0.3333333333333333
586 0.3333333333333333
587 0.3333333333333333
588 0.3333333333333333
589 0.5
590 0.3333333333333333
591 0.5
592 0.3333333333333333
593 0.3333333333333333
594 0.3333333333333333
595 0.3333333333333333
596 0.5
597 0.3333333333333333
