1616 0.0
668 0.05973124534
1804 0.0667565586995
454 0.0741347675128
1808 0.139073149308
766 0.151305327806
399 0.160855516205
712 0.179805358513
1790 0.190132943955
1803 0.198832583236
511 0.200837660693
500 0.201810172036
492 0.205647547147
675 0.211814913974
1385 0.216814132057
1086 0.219028945051
1611 0.22098032941
456 0.221144761041
1506 0.224723396093
504 0.230117639028
1618 0.231857949427
495 0.243864802574
1081 0.246146170402
1096 0.246375748501
1601 0.246867325023
382 0.256982668511
1379 0.257702217199
25 0.258047196263
1394 0.261866272525
415 0.263982094797
1756 0.2663068586
275 0.269021898327
218 0.270027355284
625 0.270470530816
1740 0.274279065947
44 0.281486926012
1761 0.283280735361
664 0.284324990403
1011 0.285258400726
1836 0.292215667451
458 0.292681966157
385 0.293312389165
1353 0.294602976386
676 0.296976117345
413 0.298915823971
1400 0.299949327766
626 0.301150672144
1781 0.30423692983
587 0.312113254678
1488 0.312580593428
499 0.31480850518
1642 0.316227734324
1084 0.317614429497
480 0.319221003093
1380 0.32006199111
411 0.324479692365
637 0.324977140246
86 0.326336426833
1357 0.326519569839
1609 0.326575696271
1371 0.326691513235
604 0.327225776312
390 0.32740033979
14 0.330680741125
1053 0.331270793262
1810 0.337236868073
389 0.33890337042
22 0.339689369588
1980 0.341881748962
720 0.342460478006
594 0.344933733657
516 0.345480390206
1979 0.345942027619
1951 0.347402766175
1624 0.350673333179
1773 0.351714969969
460 0.352099642903
779 0.355669520114
418 0.358164477558
780 0.359392945822
1736 0.360720197052
1540 0.361604019099
1661 0.364132348078
1907 0.365686809122
256 0.366393892478
85 0.371478205582
895 0.372088217077
734 0.372511655594
1755 0.375088219154
1372 0.375250202032
1988 0.375279856408
788 0.375391122803
583 0.376827957088
1970 0.377345701673
462 0.378353434024
731 0.381216364335
1684 0.381222492953
27 0.381886173182
176 0.383177114244
601 0.383394100632
635 0.383592982446
1849 0.383707470883
1759 0.384614216683
1663 0.388436564831
1798 0.38846721347
464 0.389169293697
43 0.3892348486
639 0.389546663101
442 0.390771120922
290 0.39164735694
714 0.392698485024
468 0.393125758131
1900 0.394492786484
638 0.395462219321
1627 0.39637892339
1801 0.396894304426
264 0.397105855226
1645 0.398040368597
1311 0.398300500653
1669 0.400025431908
1777 0.400166516744
236 0.400857597076
1545 0.401862820911
219 0.401869131476
29 0.405023539478
449 0.405064097565
1727 0.406481141388
1551 0.406826537143
525 0.407583362804
400 0.408321151553
461 0.409065436288
1814 0.409646751684
672 0.410018646335
393 0.41064206504
1398 0.411323776126
1607 0.411323776126
649 0.411613962292
826 0.41162338245
1406 0.411683178067
634 0.413251422695
828 0.413874996491
1388 0.415116790175
1620 0.415371827209
505 0.41554489637
56 0.41571360986
509 0.416104931438
1359 0.417420193642
688 0.417868867099
498 0.418807227465
1973 0.419495635123
1254 0.420249277469
1943 0.420368404768
23 0.422996217962
388 0.423255069871
684 0.423845407053
455 0.424527795264
591 0.425879853355
263 0.426387947677
1757 0.427002347727
1603 0.427419289476
1871 0.428017493745
1108 0.428814058626
1355 0.429513097961
1989 0.431634311449
494 0.431798031956
1760 0.432276908058
1483 0.432603511439
447 0.433131435594
1735 0.433873787869
561 0.433959255788
1373 0.436104606423
1473 0.436214674968
640 0.436330830864
394 0.436397122914
1058 0.437042756169
1320 0.437960943968
169 0.438284913423
1731 0.43926420555
1498 0.439377800637
482 0.439735686845
491 0.439758830381
1139 0.439943856185
175 0.440451359207
1788 0.441269004738
1743 0.442230931543
7 0.443129897408
1352 0.443795315372
1391 0.44382574101
1967 0.444775800309
508 0.444812339558
1631 0.44490769363
1649 0.446194836446
1136 0.447395893523
248 0.447790620811
1719 0.447798547223
1657 0.449262810624
1439 0.449506594582
357 0.450239962832
737 0.450378919356
1542 0.451013163644
214 0.45127300889
661 0.452929065289
1085 0.454451791074
976 0.454833178962
1940 0.455069086113
1615 0.456377054559
450 0.456612917496
730 0.456886754466
1898 0.456949180112
445 0.457857853747
1850 0.458119336448
1903 0.459290741743
577 0.463811686764
1384 0.464608735991
520 0.465349061972
493 0.466160502605
1742 0.468783285066
199 0.470279489679
466 0.470452763377
686 0.470633333575
590 0.470812226743
270 0.470960025509
398 0.472059992417
1482 0.472300179351
1711 0.473702095455
1499 0.474529294056
671 0.474678739275
1412 0.47950625777
1687 0.480633250698
1610 0.480716606895
326 0.481184226367
1547 0.481411124105
1613 0.481620606018
1375 0.482282984443
428 0.482321073095
161 0.482597474766
862 0.483514202736
1772 0.483615488209
416 0.483796229345
1817 0.484528648396
395 0.484776931418
1716 0.485202801082
1637 0.485794605092
1821 0.487063453386
1822 0.488258579424
1477 0.488498838556
670 0.488919620457
215 0.48917402326
1334 0.489535475376
179 0.489695372611
681 0.489783537194
1778 0.48981709583
727 0.490086181167
549 0.490977791454
1748 0.491275755933
15 0.492018019174
961 0.493677280718
1771 0.49417131269
396 0.494343268256
472 0.495390016871
1630 0.496778474525
1752 0.497135729331
1920 0.497151455047
585 0.49781043025
1535 0.497823666231
1745 0.497844025272
1919 0.498096696448
1681 0.498137389489
1824 0.498149066017
605 0.498819343458
1877 0.499533327422
303 0.500441143643
1580 0.500731410535
581 0.500995935454
414 0.500997955359
1792 0.501126574631
1984 0.501255464639
1632 0.502061522325
1763 0.50360902615
1968 0.503715242267
530 0.504552479825
344 0.505229450725
711 0.505249185896
1500 0.505386410238
777 0.506207518785
1957 0.506692309752
1942 0.507389366912
46 0.509354318667
723 0.51032591574
1508 0.51057958629
1972 0.510894639691
528 0.510956206056
1363 0.511189081821
409 0.511621283472
1383 0.51204627156
1921 0.512687040609
1712 0.513194835142
387 0.513763138242
285 0.51400536318
1794 0.514391441824
582 0.514536767642
1644 0.514974391146
624 0.515296767739
1172 0.515892877832
448 0.516160683559
1571 0.516178749378
771 0.516886528892
574 0.51763671436
311 0.518132217796
1870 0.518135587706
518 0.518451820832
6 0.518635747817
869 0.519113053122
1539 0.519648766005
631 0.521545705778
726 0.521634079953
608 0.523085635142
1354 0.523552590691
644 0.523771354486
471 0.523918676062
562 0.524008530195
1012 0.524548534646
1315 0.52454994072
1623 0.52569115918
1082 0.526273392401
1489 0.526343665964
61 0.52827842215
410 0.528746998667
234 0.528946931991
695 0.529728654978
1417 0.529753306264
1893 0.529787102817
1087 0.530272320534
30 0.530951046283
1374 0.531175493862
1476 0.531856512879
959 0.532247934737
698 0.533332179576
1811 0.533735141888
1829 0.534499555208
1492 0.535210849474
1229 0.535228588194
1863 0.535676397571
1864 0.536524169685
1956 0.536829472166
632 0.537082252681
28 0.537088681581
1664 0.537605667213
1191 0.537966446602
1319 0.539086441365
1800 0.539189247746
1130 0.539503381324
54 0.540367725786
615 0.540671943234
1497 0.541345795327
1648 0.541746517904
200 0.54195570691
216 0.542479515241
722 0.543187677436
1749 0.544302236537
407 0.544325015429
1786 0.545301184231
515 0.545710491813
31 0.546131283729
1793 0.546131283729
1092 0.546262352556
1995 0.546550107004
453 0.547818524917
628 0.547855694681
266 0.548818412101
1737 0.550189877257
744 0.550684561075
1513 0.550688054565
1054 0.550688054565
1493 0.550688054565
1917 0.550688054565
1408 0.550688054565
1621 0.550809728843
1016 0.551263863292
894 0.551637728161
174 0.552608944534
359 0.552712673674
568 0.55284081294
1705 0.554985255446
1639 0.555109970106
459 0.555279001244
478 0.555297665809
1976 0.555585201521
677 0.555655824652
1077 0.556521999111
983 0.557238723279
678 0.557516228968
1891 0.557516228968
992 0.557863294204
443 0.558417666675
13 0.558802630849
1622 0.559663192959
1093 0.560045911269
1787 0.561229219097
1098 0.561519095187
207 0.561889746699
172 0.561973715882
1665 0.562038221703
1795 0.562526159401
47 0.563151742487
1414 0.563470696761
111 0.564176868214
1904 0.564658225654
1758 0.564823141378
1884 0.565174426391
1356 0.565174426391
758 0.565174426391
93 0.565478534852
1612 0.565619937988
226 0.565725819591
506 0.565869228983
507 0.566032322009
1402 0.567011886736
1392 0.567511152242
1386 0.568177533105
1278 0.56838633652
1751 0.569146344238
900 0.569146344238
909 0.569146344238
1316 0.569458253876
740 0.56980751133
304 0.570052561824
1509 0.570663616997
692 0.570728147471
193 0.571051083665
173 0.571428043598
392 0.571785775408
621 0.572242090179
202 0.572431527016
81 0.573193975376
1715 0.573666638569
451 0.573898842304
1643 0.574079418513
163 0.574137284197
1452 0.574579021877
1809 0.574875927892
1869 0.57501950075
497 0.575053623926
441 0.575058541717
1559 0.575524964139
1030 0.575694897145
891 0.575878819217
1074 0.576105145585
183 0.576154681728
1044 0.576832319362
1805 0.576885808543
662 0.577113839171
1905 0.577525747903
1859 0.578049903829
100 0.578112522569
1558 0.578301478687
602 0.57900721197
24 0.579069636632
240 0.579134656343
1696 0.579242235526
586 0.579792644674
1741 0.580827903328
1423 0.581133066372
1605 0.581363737923
1415 0.581572998249
531 0.582545558551
945 0.582730661936
4 0.582789582115
19 0.583660752002
1034 0.583864290256
1673 0.583975498366
1861 0.584865463473
446 0.585143390435
1261 0.585177740818
1862 0.585405393178
584 0.585647140185
517 0.585998296555
1393 0.586214775692
1083 0.586214775692
572 0.586371321189
1519 0.586495672962
102 0.586505733401
738 0.586624231945
1775 0.586642251543
865 0.587408755131
1872 0.587459156872
1776 0.587459156872
1950 0.587544320529
537 0.588000078019
1726 0.588687635638
1604 0.588723021731
52 0.588945480864
1662 0.58942692095
1916 0.590323027293
239 0.592564994843
1746 0.593271927011
1965 0.594015650604
1401 0.59416384559
800 0.594511389644
71 0.594673499628
1579 0.595158270502
1670 0.595446247304
886 0.596025032859
1507 0.597466922736
802 0.597472696386
1100 0.597696414474
1978 0.597962278196
971 0.598378323228
1690 0.599132529443
1 0.599239581661
457 0.599594497851
513 0.600360616094
485 0.600385413612
1963 0.600545702781
1797 0.601336326569
1807 0.602853673783
1312 0.603455364667
1313 0.604946538373
1405 0.605100546016
725 0.606173117001
1335 0.607767664694
1700 0.608398260416
596 0.608630829013
739 0.609441354302
255 0.609467279694
502 0.609834284009
412 0.610242000144
9 0.610563694313
1253 0.610806353537
1244 0.610880246135
1387 0.611615068313
316 0.61219706148
83 0.612662867366
1925 0.614157236628
230 0.614522609326
1091 0.615952721689
254 0.616676061217
235 0.617996166904
1929 0.618199234901
272 0.618343090411
636 0.618555460773
1754 0.619708779121
1418 0.619802378975
1902 0.619913483982
704 0.619999991436
707 0.621697227178
693 0.622009874862
347 0.622037242995
171 0.622134480292
563 0.622244294343
286 0.6236815614
1399 0.623808305832
87 0.624165277579
1744 0.625025461034
1718 0.625248461783
1048 0.625248461783
82 0.625381089091
1210 0.626125543524
763 0.626163569583
821 0.626676528713
48 0.62696859457
473 0.627287358861
1937 0.627858548774
1780 0.628140831891
1314 0.628796767631
1339 0.628837199811
1782 0.629701278221
736 0.629861406358
1512 0.631121751476
313 0.632416540831
603 0.63273516133
1531 0.633274880038
607 0.634709271445
616 0.635130632391
474 0.635302987591
1938 0.636139599573
1097 0.63616665375
180 0.636468542581
683 0.637254045965
177 0.637624213399
1198 0.637710753517
1923 0.637958446612
1608 0.637958446612
647 0.637958446612
164 0.637958446612
1028 0.637958446612
1882 0.637958446612
719 0.637958446612
1910 0.637958446612
680 0.637958446612
767 0.637958446612
1835 0.637958446612
1112 0.637958446612
765 0.637958446612
1680 0.637958446612
1140 0.637958446612
1037 0.637958446612
1147 0.637958446612
470 0.637958446612
1650 0.637958446612
728 0.637958446612
1358 0.637958446612
1132 0.637958446612
748 0.637958446612
1960 0.637958446612
617 0.637958446612
261 0.637958446612
1292 0.637958446612
897 0.637958446612
609 0.637958446612
1099 0.637958446612
1779 0.637958446612
864 0.638198960579
610 0.638731910768
1866 0.639149056081
112 0.63962146991
903 0.639652261045
479 0.639684112001
1572 0.639713238301
1975 0.640814909285
1062 0.640846347654
1526 0.64118616379
1186 0.641444473185
1134 0.641581795687
103 0.641873091245
533 0.642094239833
1395 0.642734871031
467 0.643160859155
565 0.643384122476
241 0.643736795123
274 0.644448647518
536 0.644722075402
817 0.644747754546
674 0.644782130743
337 0.644943400122
1647 0.645016615728
463 0.645034443737
21 0.645619417159
300 0.645643572578
682 0.645810851457
204 0.645811431737
1634 0.645980222158
1555 0.64614201769
1060 0.646231674083
1682 0.646410672495
1962 0.646590267316
881 0.64675261807
687 0.647223950456
503 0.647228252689
323 0.648247099194
1122 0.648692907547
597 0.648722301143
1309 0.648945036565
1880 0.649413834299
623 0.649557886828
476 0.650316595499
1851 0.650468426593
716 0.650468426593
1181 0.650850929251
917 0.650852883515
1333 0.65110447704
599 0.651139589193
1981 0.651277093341
211 0.65169101818
1127 0.651732383327
1703 0.651732383327
1155 0.651732383327
1865 0.651873648883
1816 0.652297345767
1390 0.652651339101
1454 0.652795127505
1848 0.653232494978
1239 0.653593135919
341 0.654706926265
1079 0.655146456925
1018 0.655646276474
1913 0.655655324741
1860 0.65633567942
1520 0.657069491167
944 0.657920107937
302 0.65872564612
1796 0.659493603051
309 0.659675357011
1831 0.660081120929
1396 0.660170816641
1065 0.660279008796
1294 0.661543012815
901 0.661629795387
1501 0.661629795387
567 0.661629795387
1992 0.661629795387
1180 0.66167965049
1073 0.661814784388
1250 0.66190147847
278 0.662594164196
1255 0.663343975495
814 0.663373211217
1075 0.663397823554
1051 0.663557383592
1844 0.664043686081
929 0.664077721817
715 0.664477341889
570 0.664477341889
269 0.664866402063
80 0.665502564611
1389 0.665801286088
1935 0.665991053674
1377 0.666449348375
889 0.666866660364
1738 0.666927685998
589 0.66715454099
8 0.667158158641
1918 0.667889977511
1274 0.668230097959
1496 0.668291559195
1606 0.668300160642
1699 0.66853358321
1845 0.668553469632
26 0.668733789696
1990 0.669027876965
892 0.66912111049
232 0.669635365949
227 0.670307279864
1565 0.671309252021
381 0.671319979164
1574 0.671458242997
578 0.671491328542
247 0.671681848778
519 0.671694568826
1688 0.672113105601
1486 0.672229144238
436 0.672613629699
1996 0.673629670197
1868 0.673986430704
1089 0.67434734307
964 0.67436094277
259 0.674864068423
1549 0.675239015299
1061 0.675357581775
1966 0.675414874781
484 0.675660244913
66 0.675925483713
1576 0.676095146607
265 0.676128053253
1059 0.676192288357
1695 0.676472483633
55 0.676491526902
627 0.676659632429
1471 0.677081967358
689 0.677232027281
1830 0.677471535407
754 0.67750104944
84 0.677648380292
522 0.6777989875
1629 0.677980429045
1947 0.678094991616
630 0.678211962948
975 0.678400974291
679 0.678442194088
119 0.678922644609
770 0.679356267048
1217 0.679556464346
1014 0.680268212792
1113 0.680615739161
696 0.680649870671
1436 0.681437030361
1858 0.681473508174
1064 0.681635123085
673 0.682152521262
1174 0.682165540248
805 0.682975842003
1135 0.683071621868
1544 0.683202192199
1187 0.683433728036
966 0.683725585134
872 0.683728127351
1072 0.683728127351
253 0.683858518166
699 0.68400369863
1516 0.684048066665
1915 0.68412035694
1258 0.684347134586
1228 0.684439500921
1043 0.68528639887
1475 0.685940773311
90 0.686049581794
1721 0.686616718137
1450 0.686691281685
1397 0.686771215053
1936 0.687156610059
1188 0.687378233091
481 0.687683262912
89 0.688295353252
117 0.688578527281
187 0.688594450667
762 0.689051743249
1351 0.689068862473
1686 0.689113075163
1453 0.689723388646
776 0.689847931748
11 0.690243327264
954 0.690253417111
320 0.69028904629
1409 0.690420206355
1694 0.690420206355
1105 0.690438016862
1823 0.690525831005
231 0.690552728071
1692 0.690658002224
1685 0.691349206847
1444 0.692210711354
1557 0.692573499026
1047 0.692978324319
1152 0.693154289669
1697 0.693154289669
1999 0.693611501405
1485 0.693794690687
1570 0.694036401215
1070 0.694744569663
1434 0.694744569663
663 0.695047987651
550 0.695166894911
1784 0.695207303437
648 0.69532734938
41 0.695905505355
595 0.69600864879
629 0.696145336259
360 0.6966598296
510 0.696969987071
709 0.696969987071
1774 0.697068128828
1908 0.697517145538
1815 0.6976847426
33 0.698534109071
823 0.698588797599
717 0.698603091143
1985 0.69887515812
1734 0.699121533638
524 0.699158625985
365 0.69955126236
774 0.699704787358
1725 0.70003093093
512 0.700109664468
1765 0.700650307368
213 0.700702052912
217 0.700829536736
1121 0.701967930927
1693 0.702204968535
159 0.702589873184
1911 0.702757423194
284 0.703080590743
768 0.70310997035
403 0.703621397877
1636 0.703817224126
729 0.703921421993
59 0.704118050669
496 0.704130372605
444 0.704698509747
949 0.705080824626
778 0.705890360913
260 0.706411329716
1689 0.707285412062
1706 0.707909057712
1934 0.708089934745
1076 0.708089934745
1301 0.709631945031
843 0.709677379629
243 0.709861352767
64 0.710156319384
477 0.710925962805
600 0.711100758219
10 0.711164717681
952 0.71119982475
332 0.711858205556
1767 0.712023943103
49 0.71246567919
1901 0.71284450743
475 0.713047177355
40 0.714167320884
408 0.714472069322
1885 0.714668496568
877 0.714809600488
317 0.715330910561
1926 0.715492262855
1150 0.715574128791
1264 0.715574128791
1460 0.715574128791
1462 0.7157577141
306 0.717262655021
819 0.718854217773
1461 0.718892579595
735 0.71959178204
1218 0.720087625944
1582 0.720267602561
1063 0.720361518137
1078 0.720585358953
1338 0.721950776192
116 0.722945459867
810 0.723166230197
924 0.723201393702
1668 0.723475654911
882 0.724374502147
487 0.724854224182
844 0.724970674029
908 0.725323786834
950 0.725635447807
1071 0.726786075579
293 0.727102320134
155 0.727534315357
374 0.727540226125
569 0.728027658374
206 0.728459835767
761 0.728501738122
521 0.72898764293
982 0.729008090319
1534 0.729181062287
1243 0.729672827056
310 0.7302237672
1922 0.73092710815
651 0.730952345061
486 0.73174958108
1474 0.731998901322
941 0.732082624491
144 0.732418260865
113 0.732727317115
953 0.732870015256
1708 0.732917476196
905 0.733359691081
1530 0.733998317377
349 0.735380304904
318 0.735392938954
277 0.736664993582
149 0.737306652415
1820 0.737308784339
38 0.738352647003
1843 0.739041385871
755 0.739041385871
1056 0.739193463545
405 0.739836825555
702 0.74074672356
125 0.740908145348
796 0.743376841777
1022 0.743734943567
798 0.744137893746
1367 0.744246281315
246 0.744574808514
1288 0.745037439843
276 0.745058339321
51 0.745358640277
424 0.745832219943
70 0.746278644559
1002 0.746356408656
764 0.746387358241
1713 0.74667654825
1969 0.746684175394
1701 0.747651023654
1267 0.749459448593
58 0.749972374881
426 0.750045771522
1341 0.750065879295
1160 0.750191039468
899 0.750351922534
1597 0.750466887223
99 0.75079048907
315 0.751009907807
1157 0.75174265806
146 0.751948503882
1445 0.752273539235
452 0.752296796085
573 0.752976860633
551 0.753078496644
1178 0.75309416559
3 0.753765592423
1568 0.754582194164
233 0.755894687031
12 0.756272234225
1991 0.756976706808
339 0.757185064229
1138 0.757720287781
532 0.758084258108
732 0.758334450097
1704 0.758463250609
225 0.759241517172
1852 0.759279955704
654 0.75931661597
1325 0.759436253342
1023 0.759902130814
575 0.760172896814
279 0.7606848222
257 0.761261968107
198 0.761296302099
943 0.761494295824
1441 0.761788059862
224 0.762206079207
875 0.76343207518
50 0.764070519543
1472 0.765658147727
1419 0.765787046206
1145 0.766691035164
534 0.766806886203
619 0.766807990614
280 0.767406229775
165 0.767617472916
321 0.767791025416
967 0.767829639349
962 0.767853595792
364 0.769719154818
397 0.769946544996
1998 0.771428684183
162 0.771546194478
713 0.77192480853
402 0.772873583948
1041 0.773722459509
1039 0.773869822739
1660 0.774091605078
345 0.77458097329
1102 0.775307131741
1598 0.775659737664
53 0.77633618252
1340 0.776564199037
576 0.776714963257
540 0.776790775728
1247 0.777019591091
911 0.777773643659
611 0.777791468369
16 0.777950580624
32 0.779131328971
1524 0.779294425462
120 0.77932912379
160 0.779507337749
45 0.779814433602
1257 0.780286136875
1269 0.78057724668
1672 0.780728478876
1201 0.780738614705
807 0.7808016809
430 0.780993506317
1720 0.781306824222
1504 0.781547099751
598 0.781866755977
1971 0.782262023391
249 0.782405376123
1164 0.782584925084
951 0.782830357475
299 0.784832059892
294 0.78514961789
106 0.78528084731
812 0.78559733659
327 0.785862412359
166 0.786672945173
1750 0.787176323621
1447 0.787622841113
331 0.788203993241
799 0.788308909989
417 0.78915648493
806 0.791549675503
88 0.791618663607
1128 0.792692186968
1523 0.792810255582
352 0.792945010859
151 0.793197892698
1403 0.79332616466
775 0.79373477126
694 0.794544372428
1290 0.794731386336
469 0.795186875724
1924 0.795638433656
904 0.796189179093
1433 0.796248391663
1209 0.796257686811
1932 0.796680636111
960 0.796737072953
1057 0.796752330349
1826 0.796923915103
205 0.796952193218
1203 0.797447534751
92 0.797630912874
1698 0.798022388001
1546 0.798066922963
208 0.798088407493
948 0.798121318473
618 0.798224153844
1162 0.798866200058
926 0.798866200058
1709 0.799190405775
196 0.799202214444
433 0.799653751422
18 0.800021943342
791 0.800171156517
1897 0.800171156517
335 0.800540141523
620 0.800656223157
839 0.800686870494
1424 0.800690936437
1502 0.80073814281
358 0.800944805369
1533 0.801036576647
566 0.802081752803
361 0.802417853771
1813 0.802753937796
1238 0.803016277513
1855 0.80341725679
1033 0.803989582257
371 0.804069739851
1336 0.804533397695
1142 0.804574600998
931 0.804741350356
665 0.804843660626
1442 0.804965184921
319 0.805514396728
1281 0.80570197289
1192 0.806281679814
1556 0.80645487719
773 0.806712413853
1518 0.807074028022
792 0.807699002058
220 0.80769973246
1344 0.808234136404
34 0.808371811849
1941 0.808371811849
223 0.80844351559
191 0.808460152519
406 0.808858824211
1176 0.809281016794
1602 0.809322639295
733 0.809322639295
588 0.809365293885
296 0.80951536199
1491 0.80957945366
1510 0.810326580091
1306 0.810670243833
1856 0.810818655901
1785 0.810818655901
1982 0.810874003249
1332 0.810953621868
65 0.811002606671
109 0.811462514299
501 0.811644365334
251 0.811757886504
932 0.812094973023
1438 0.812094973023
1407 0.812184940847
706 0.812496726399
1588 0.812563345301
836 0.812592808673
1590 0.812664766376
923 0.813189098235
184 0.813679357712
1487 0.813726859555
404 0.813754854476
1652 0.813797842471
985 0.814476262294
1221 0.814721684332
991 0.814721684332
1277 0.815845999598
150 0.815912684176
221 0.81617480941
262 0.816948002821
1484 0.816972261689
182 0.817507597612
1285 0.817507597612
1550 0.817547143412
2 0.817678990082
922 0.817879543098
1131 0.81806080725
1119 0.818387572859
1206 0.818495967245
1109 0.818542115619
307 0.818944970694
593 0.819039163778
1158 0.819234209912
91 0.819751549105
1103 0.820057932721
1515 0.820384765175
1069 0.820493754834
373 0.820659320553
1528 0.821086760722
1883 0.821233858848
1347 0.821322964721
1427 0.821984754841
201 0.82210912063
203 0.822120786078
288 0.822140317597
1876 0.822169919668
312 0.82233708024
1182 0.822404076918
956 0.82257188153
1245 0.823058951191
1560 0.823078853144
1190 0.82339304808
94 0.824374579913
851 0.824789057402
483 0.825116188196
1013 0.825184605433
1173 0.825234254752
1216 0.825855642635
1575 0.825954606403
1042 0.825954606403
887 0.826049212124
1581 0.826049212124
980 0.827010676014
17 0.827350812695
378 0.827364326492
906 0.828034026893
438 0.828430791076
782 0.828634234667
995 0.829337186131
1466 0.829348570027
571 0.829354267447
1676 0.829472706087
1050 0.82962010001
325 0.829667810778
1362 0.829673655484
157 0.829726945237
281 0.829728301106
934 0.829837427841
544 0.830145380693
1567 0.830617167232
1587 0.831483390741
803 0.831485573416
1200 0.831572061555
1321 0.831572061555
1266 0.831691793362
143 0.832044090819
870 0.832296400478
557 0.832575853753
298 0.832630816716
898 0.832659394753
867 0.832659394753
794 0.832659394753
1457 0.832659394753
841 0.832659394753
685 0.832659394753
1683 0.832659394753
1886 0.832659394753
915 0.832659394753
718 0.832659394753
1467 0.832686181827
1431 0.832911857073
1165 0.833134788714
197 0.833471820947
1153 0.833681092706
1563 0.83374528965
1137 0.833761065734
653 0.834130283395
824 0.834661614734
1671 0.83481538268
429 0.83522832804
1279 0.835743665741
346 0.836043899344
1323 0.836499025462
660 0.836750692515
366 0.836752309231
1783 0.836834209794
1702 0.836834209794
1764 0.836834209794
747 0.837034214623
1167 0.83736553054
1349 0.837899720428
1144 0.837933220653
920 0.837944586519
1163 0.838000670304
1361 0.838144233148
1156 0.838217692552
655 0.838464884755
958 0.83880149817
435 0.83900646353
154 0.839072680398
1001 0.839085861583
1116 0.8391842378
401 0.839504244078
1219 0.839588760058
1171 0.839966132293
1310 0.84005960338
978 0.840206956429
68 0.840345382513
969 0.840560403075
890 0.840647058578
1049 0.840749653118
936 0.840925313874
1345 0.840955508633
1578 0.841300986895
701 0.841347492954
1679 0.841489272809
98 0.841756087143
1005 0.841889369086
580 0.842517429343
301 0.842533605121
977 0.842638902821
95 0.842785502823
912 0.84300398922
1348 0.843081513588
939 0.843296657606
377 0.843306420552
878 0.843447318281
1537 0.843657776117
1299 0.844098339645
1589 0.844379307425
72 0.844389153577
1456 0.844411869081
1733 0.844624432869
1481 0.844699341574
1052 0.844727397391
170 0.845576395227
123 0.845724706668
542 0.846362506316
1151 0.846473927051
289 0.84691629392
527 0.847177907521
1997 0.847302649394
1857 0.847821778794
1141 0.847989095908
1768 0.848011582648
142 0.848845360951
772 0.848891086626
422 0.849354484048
797 0.849611237314
690 0.849870077496
999 0.849941212748
1280 0.849941212748
1426 0.850407961065
753 0.850515670243
134 0.850803687767
659 0.851078379363
1435 0.851172572144
1593 0.851382803114
439 0.851693138885
916 0.851735651819
879 0.851746411286
742 0.851926318989
545 0.85227668823
489 0.852512298077
1564 0.852712365664
1961 0.852932219276
305 0.853023261546
552 0.853165594796
1366 0.853430941357
97 0.853477344761
560 0.853478505265
63 0.853486741122
1208 0.853546088023
194 0.853726450124
362 0.854030301524
273 0.854194065318
993 0.854194065318
935 0.854194065318
963 0.854194065318
1149 0.854194065318
1656 0.854194065318
554 0.854194065318
613 0.854194065318
1724 0.854194065318
1895 0.854194065318
1912 0.854194065318
1479 0.854194065318
1914 0.854194065318
1879 0.854194065318
1930 0.854194065318
1729 0.854194065318
988 0.854194065318
141 0.854194065318
384 0.854194065318
355 0.854194065318
1066 0.854194065318
1675 0.854194065318
1591 0.854194065318
1939 0.854194065318
1015 0.854194065318
1010 0.854194065318
1446 0.854194065318
820 0.854194065318
1437 0.854194065318
1827 0.854194065318
1517 0.854194065318
1302 0.854259146027
1909 0.854991043395
1009 0.855069710179
1561 0.855160119259
1242 0.855160678
946 0.855278159458
1994 0.856050924954
1124 0.856119993523
1521 0.856332708735
1553 0.856332708735
1259 0.856332867824
1133 0.856571739136
1276 0.856657584313
39 0.856659030967
1993 0.856835196239
784 0.856892352982
77 0.857311814104
1585 0.857676432967
1035 0.858194557344
1326 0.858211560001
1000 0.858255990255
793 0.858353736891
1854 0.859102191725
1223 0.85929671207
1230 0.859684549092
854 0.859709639771
1226 0.86030683111
925 0.860893419656
67 0.86093367265
1204 0.861540069012
1227 0.861719949181
837 0.861858242673
884 0.862052671833
1068 0.86236134108
847 0.862586484643
36 0.862882520074
242 0.863091377096
245 0.863106793589
79 0.86320261943
237 0.863352649246
334 0.86373871429
338 0.863770165162
78 0.864087302564
1658 0.864192268522
369 0.864779315273
745 0.864827907743
529 0.865057511562
329 0.865390209238
1295 0.865737504417
1717 0.86577703526
271 0.866061465681
1890 0.866074609844
1284 0.866123133339
432 0.866482004129
1166 0.866689120411
1283 0.866785804209
324 0.867230323766
1974 0.867369717365
104 0.867375934679
1251 0.867484722101
855 0.868130480675
1416 0.868586226523
1459 0.868763816932
633 0.868915204097
921 0.869498374505
1464 0.869712943158
376 0.869753577284
1032 0.869864888729
902 0.870547279247
1183 0.870599529568
790 0.870757203448
5 0.870762654182
1038 0.870878213867
1769 0.871440732612
990 0.871519347105
2000 0.872086727627
383 0.872420903619
356 0.87259377862
1120 0.872646595958
379 0.872691140652
834 0.873001899733
1791 0.87301816289
343 0.873269657939
918 0.873509382544
860 0.873509382544
652 0.873779243044
292 0.873783909368
1723 0.87393987133
130 0.87393987133
1289 0.87393987133
1592 0.874147541009
756 0.874553871118
743 0.874762945767
69 0.875002551772
195 0.875279703312
1271 0.875279703312
1175 0.87529281389
1350 0.87546042061
1766 0.875633496717
1422 0.875967129938
1291 0.876037284275
1303 0.87615090312
181 0.876945754628
1946 0.877789365418
1451 0.878086012222
1331 0.878751066858
363 0.879245232801
1214 0.879735867544
167 0.879745780386
1458 0.879749370701
1495 0.880228083623
1944 0.880303527789
957 0.880766096966
209 0.881031101615
350 0.881190133574
564 0.881241388683
759 0.881316640506
1297 0.881381415268
650 0.881593992747
118 0.881727570134
1562 0.881865839623
135 0.882149073939
1019 0.882922017767
322 0.882936661577
1945 0.883446920468
1429 0.883446920468
1067 0.883493016466
543 0.884724407736
353 0.884890174686
431 0.885671975747
859 0.885677784074
1184 0.885881324262
656 0.885897854062
1021 0.885910083203
152 0.886013702309
1031 0.886366369503
547 0.886414111191
1125 0.886550448968
816 0.886714970892
333 0.886716898597
375 0.886925460037
465 0.886931903321
314 0.886988136348
657 0.887101455811
153 0.887494797595
815 0.888458706158
1368 0.888604654032
437 0.888642675848
1211 0.88873350291
354 0.888736327464
1327 0.888775407864
1154 0.888775407864
986 0.888851682464
1300 0.888906886579
1159 0.88946554242
558 0.889684769392
229 0.890973539926
267 0.891157295345
989 0.891452493093
1413 0.891490431692
1432 0.891563529777
1003 0.891647936955
74 0.891736487547
1256 0.891748838247
1207 0.892540089083
970 0.893158513961
1275 0.893158513961
972 0.894912546492
1728 0.894948428627
858 0.895049295099
1240 0.895215247747
1425 0.895393871747
1196 0.895642102779
1887 0.895724147756
1265 0.895758748207
1231 0.895813501927
538 0.895813501927
1818 0.896226483936
1197 0.896282461697
1263 0.896879236169
228 0.897287402549
937 0.897335932566
1161 0.897685164751
1007 0.897952884599
866 0.898265187036
873 0.898307857081
541 0.898422198072
210 0.89877937223
913 0.899053808076
1527 0.899117492606
710 0.899131049179
76 0.899345868399
1185 0.899511361669
1440 0.899524979447
874 0.899530516178
147 0.899773176279
108 0.900075666902
853 0.900349184534
998 0.900379295209
1329 0.900427404378
1889 0.900466339749
1525 0.900609309073
1008 0.901092674478
750 0.901125775402
658 0.901384796663
1825 0.901535544106
697 0.901799076639
883 0.902020757627
1328 0.902403352069
156 0.903245981299
380 0.903394348262
1282 0.903458405519
868 0.904145659474
250 0.904198596281
863 0.904523969089
126 0.90538132261
188 0.90553251213
1286 0.9060071975
1146 0.906931727618
703 0.907638187982
1411 0.908215594829
787 0.908800770634
372 0.909640429158
1369 0.909734168738
1659 0.910251077471
1364 0.910537887751
114 0.911594864808
252 0.911703657957
1330 0.911808867723
158 0.911966469209
981 0.912268192418
488 0.912575366073
1199 0.913032743765
122 0.913166810442
907 0.913269641273
222 0.913362919572
1455 0.913580222096
1179 0.913722508166
642 0.913960079619
1834 0.914451854428
121 0.914479465343
105 0.914751717581
857 0.914941199463
809 0.915134783462
835 0.915447844664
1273 0.915516158937
1298 0.915529971752
190 0.916061057768
1296 0.916374065117
856 0.91684496454
268 0.91688316455
427 0.917184072882
940 0.917534736428
351 0.917703775693
20 0.918197412265
1841 0.918624680242
1707 0.918625061822
548 0.91877722094
244 0.919114227538
555 0.919197072407
1148 0.91945575627
1213 0.919495978354
136 0.919603519598
1304 0.919672934621
1894 0.920408363396
896 0.920423942097
124 0.920520212279
101 0.920581666587
186 0.920659874993
994 0.920854089616
1212 0.921128398929
1529 0.921156006703
1270 0.921727872026
258 0.921889356373
75 0.92260662423
641 0.923123500773
769 0.923286278111
1004 0.923306455449
368 0.923508323219
185 0.923559103464
297 0.92368270447
553 0.923786426055
933 0.924400040782
1143 0.924404378206
287 0.924626943428
1443 0.92480546325
1468 0.924950781291
328 0.925074378901
1225 0.926464777374
840 0.927075115474
295 0.927656513125
880 0.928314949482
115 0.92838645942
523 0.929177244681
490 0.929503739092
139 0.929642524201
928 0.930289484644
691 0.93188897624
850 0.932050492893
1110 0.932161385483
968 0.932183341894
556 0.932300617222
1115 0.932676566264
1220 0.932800464397
1046 0.932819534772
984 0.932833175599
1307 0.933660355622
1040 0.933716311275
535 0.933909977593
1036 0.935609232679
1842 0.936049798516
848 0.936217259415
131 0.936285285904
367 0.9370449314
423 0.937183609871
133 0.937187947373
1260 0.937704142817
579 0.938492714724
1224 0.938667139656
238 0.939899232143
1840 0.940475791218
1832 0.940930950997
1430 0.940946593835
831 0.940983845222
96 0.941272058526
938 0.941383602536
1106 0.941463267621
73 0.941577416852
1024 0.941594801055
1928 0.941652087746
1118 0.943033211772
282 0.943821717008
845 0.943834757514
57 0.944389251567
1234 0.944680848407
1268 0.944774400847
1747 0.944900774357
526 0.947928044983
876 0.948109984089
1678 0.948451155565
340 0.94893284794
757 0.949991699537
987 0.95110978422
35 0.951945205002
62 0.952985435332
1045 0.953044689723
1117 0.954281622496
1322 0.954388538085
138 0.954650240771
42 0.954836846758
421 0.958875364091
189 0.959462234275
137 0.96113358707
283 0.96208955867
1594 0.963512354674
425 0.964352661498
128 0.966518515671
127 0.96677290951
1342 0.969389530693
370 0.970636096608
434 0.97123110582
342 0.978221182102
440 0.982117322065
546 0.98494768247
148 0.989194246567
559 0.99422016622
140 1.0